# Created by Octave 6.1.0, Thu Apr 08 08:25:21 2021 GMT <unknown@JJFG-ASUS>
# name: a3
# type: matrix
# rows: 3
# columns: 3
 1 0.5 0.33333333333333331
 0.5 0.33333333333333331 0.25
 0.33333333333333331 0.25 0.20000000000000001


# name: a4
# type: matrix
# rows: 4
# columns: 4
 1 0.5 0.33333333333333331 0.25
 0.5 0.33333333333333331 0.25 0.20000000000000001
 0.33333333333333331 0.25 0.20000000000000001 0.16666666666666666
 0.25 0.20000000000000001 0.16666666666666666 0.14285714285714285


# name: a5
# type: matrix
# rows: 5
# columns: 5
 1 0.5 0.33333333333333331 0.25 0.20000000000000001
 0.5 0.33333333333333331 0.25 0.20000000000000001 0.16666666666666666
 0.33333333333333331 0.25 0.20000000000000001 0.16666666666666666 0.14285714285714285
 0.25 0.20000000000000001 0.16666666666666666 0.14285714285714285 0.125
 0.20000000000000001 0.16666666666666666 0.14285714285714285 0.125 0.1111111111111111


# name: a6
# type: matrix
# rows: 6
# columns: 6
 1 0.5 0.33333333333333331 0.25 0.20000000000000001 0.16666666666666666
 0.5 0.33333333333333331 0.25 0.20000000000000001 0.16666666666666666 0.14285714285714285
 0.33333333333333331 0.25 0.20000000000000001 0.16666666666666666 0.14285714285714285 0.125
 0.25 0.20000000000000001 0.16666666666666666 0.14285714285714285 0.125 0.1111111111111111
 0.20000000000000001 0.16666666666666666 0.14285714285714285 0.125 0.1111111111111111 0.10000000000000001
 0.16666666666666666 0.14285714285714285 0.125 0.1111111111111111 0.10000000000000001 0.090909090909090912


# name: a7
# type: matrix
# rows: 7
# columns: 7
 1 0.5 0.33333333333333331 0.25 0.20000000000000001 0.16666666666666666 0.14285714285714285
 0.5 0.33333333333333331 0.25 0.20000000000000001 0.16666666666666666 0.14285714285714285 0.125
 0.33333333333333331 0.25 0.20000000000000001 0.16666666666666666 0.14285714285714285 0.125 0.1111111111111111
 0.25 0.20000000000000001 0.16666666666666666 0.14285714285714285 0.125 0.1111111111111111 0.10000000000000001
 0.20000000000000001 0.16666666666666666 0.14285714285714285 0.125 0.1111111111111111 0.10000000000000001 0.090909090909090912
 0.16666666666666666 0.14285714285714285 0.125 0.1111111111111111 0.10000000000000001 0.090909090909090912 0.083333333333333329
 0.14285714285714285 0.125 0.1111111111111111 0.10000000000000001 0.090909090909090912 0.083333333333333329 0.076923076923076927


# name: a8
# type: matrix
# rows: 8
# columns: 8
 1 0.5 0.33333333333333331 0.25 0.20000000000000001 0.16666666666666666 0.14285714285714285 0.125
 0.5 0.33333333333333331 0.25 0.20000000000000001 0.16666666666666666 0.14285714285714285 0.125 0.1111111111111111
 0.33333333333333331 0.25 0.20000000000000001 0.16666666666666666 0.14285714285714285 0.125 0.1111111111111111 0.10000000000000001
 0.25 0.20000000000000001 0.16666666666666666 0.14285714285714285 0.125 0.1111111111111111 0.10000000000000001 0.090909090909090912
 0.20000000000000001 0.16666666666666666 0.14285714285714285 0.125 0.1111111111111111 0.10000000000000001 0.090909090909090912 0.083333333333333329
 0.16666666666666666 0.14285714285714285 0.125 0.1111111111111111 0.10000000000000001 0.090909090909090912 0.083333333333333329 0.076923076923076927
 0.14285714285714285 0.125 0.1111111111111111 0.10000000000000001 0.090909090909090912 0.083333333333333329 0.076923076923076927 0.071428571428571425
 0.125 0.1111111111111111 0.10000000000000001 0.090909090909090912 0.083333333333333329 0.076923076923076927 0.071428571428571425 0.066666666666666666


# name: a9
# type: matrix
# rows: 9
# columns: 9
 1 0.5 0.33333333333333331 0.25 0.20000000000000001 0.16666666666666666 0.14285714285714285 0.125 0.1111111111111111
 0.5 0.33333333333333331 0.25 0.20000000000000001 0.16666666666666666 0.14285714285714285 0.125 0.1111111111111111 0.10000000000000001
 0.33333333333333331 0.25 0.20000000000000001 0.16666666666666666 0.14285714285714285 0.125 0.1111111111111111 0.10000000000000001 0.090909090909090912
 0.25 0.20000000000000001 0.16666666666666666 0.14285714285714285 0.125 0.1111111111111111 0.10000000000000001 0.090909090909090912 0.083333333333333329
 0.20000000000000001 0.16666666666666666 0.14285714285714285 0.125 0.1111111111111111 0.10000000000000001 0.090909090909090912 0.083333333333333329 0.076923076923076927
 0.16666666666666666 0.14285714285714285 0.125 0.1111111111111111 0.10000000000000001 0.090909090909090912 0.083333333333333329 0.076923076923076927 0.071428571428571425
 0.14285714285714285 0.125 0.1111111111111111 0.10000000000000001 0.090909090909090912 0.083333333333333329 0.076923076923076927 0.071428571428571425 0.066666666666666666
 0.125 0.1111111111111111 0.10000000000000001 0.090909090909090912 0.083333333333333329 0.076923076923076927 0.071428571428571425 0.066666666666666666 0.0625
 0.1111111111111111 0.10000000000000001 0.090909090909090912 0.083333333333333329 0.076923076923076927 0.071428571428571425 0.066666666666666666 0.0625 0.058823529411764705


# name: a10
# type: matrix
# rows: 10
# columns: 10
 1 0.5 0.33333333333333331 0.25 0.20000000000000001 0.16666666666666666 0.14285714285714285 0.125 0.1111111111111111 0.10000000000000001
 0.5 0.33333333333333331 0.25 0.20000000000000001 0.16666666666666666 0.14285714285714285 0.125 0.1111111111111111 0.10000000000000001 0.090909090909090912
 0.33333333333333331 0.25 0.20000000000000001 0.16666666666666666 0.14285714285714285 0.125 0.1111111111111111 0.10000000000000001 0.090909090909090912 0.083333333333333329
 0.25 0.20000000000000001 0.16666666666666666 0.14285714285714285 0.125 0.1111111111111111 0.10000000000000001 0.090909090909090912 0.083333333333333329 0.076923076923076927
 0.20000000000000001 0.16666666666666666 0.14285714285714285 0.125 0.1111111111111111 0.10000000000000001 0.090909090909090912 0.083333333333333329 0.076923076923076927 0.071428571428571425
 0.16666666666666666 0.14285714285714285 0.125 0.1111111111111111 0.10000000000000001 0.090909090909090912 0.083333333333333329 0.076923076923076927 0.071428571428571425 0.066666666666666666
 0.14285714285714285 0.125 0.1111111111111111 0.10000000000000001 0.090909090909090912 0.083333333333333329 0.076923076923076927 0.071428571428571425 0.066666666666666666 0.0625
 0.125 0.1111111111111111 0.10000000000000001 0.090909090909090912 0.083333333333333329 0.076923076923076927 0.071428571428571425 0.066666666666666666 0.0625 0.058823529411764705
 0.1111111111111111 0.10000000000000001 0.090909090909090912 0.083333333333333329 0.076923076923076927 0.071428571428571425 0.066666666666666666 0.0625 0.058823529411764705 0.055555555555555552
 0.10000000000000001 0.090909090909090912 0.083333333333333329 0.076923076923076927 0.071428571428571425 0.066666666666666666 0.0625 0.058823529411764705 0.055555555555555552 0.052631578947368418


# name: a11
# type: matrix
# rows: 11
# columns: 11
 1 0.5 0.33333333333333331 0.25 0.20000000000000001 0.16666666666666666 0.14285714285714285 0.125 0.1111111111111111 0.10000000000000001 0.090909090909090912
 0.5 0.33333333333333331 0.25 0.20000000000000001 0.16666666666666666 0.14285714285714285 0.125 0.1111111111111111 0.10000000000000001 0.090909090909090912 0.083333333333333329
 0.33333333333333331 0.25 0.20000000000000001 0.16666666666666666 0.14285714285714285 0.125 0.1111111111111111 0.10000000000000001 0.090909090909090912 0.083333333333333329 0.076923076923076927
 0.25 0.20000000000000001 0.16666666666666666 0.14285714285714285 0.125 0.1111111111111111 0.10000000000000001 0.090909090909090912 0.083333333333333329 0.076923076923076927 0.071428571428571425
 0.20000000000000001 0.16666666666666666 0.14285714285714285 0.125 0.1111111111111111 0.10000000000000001 0.090909090909090912 0.083333333333333329 0.076923076923076927 0.071428571428571425 0.066666666666666666
 0.16666666666666666 0.14285714285714285 0.125 0.1111111111111111 0.10000000000000001 0.090909090909090912 0.083333333333333329 0.076923076923076927 0.071428571428571425 0.066666666666666666 0.0625
 0.14285714285714285 0.125 0.1111111111111111 0.10000000000000001 0.090909090909090912 0.083333333333333329 0.076923076923076927 0.071428571428571425 0.066666666666666666 0.0625 0.058823529411764705
 0.125 0.1111111111111111 0.10000000000000001 0.090909090909090912 0.083333333333333329 0.076923076923076927 0.071428571428571425 0.066666666666666666 0.0625 0.058823529411764705 0.055555555555555552
 0.1111111111111111 0.10000000000000001 0.090909090909090912 0.083333333333333329 0.076923076923076927 0.071428571428571425 0.066666666666666666 0.0625 0.058823529411764705 0.055555555555555552 0.052631578947368418
 0.10000000000000001 0.090909090909090912 0.083333333333333329 0.076923076923076927 0.071428571428571425 0.066666666666666666 0.0625 0.058823529411764705 0.055555555555555552 0.052631578947368418 0.050000000000000003
 0.090909090909090912 0.083333333333333329 0.076923076923076927 0.071428571428571425 0.066666666666666666 0.0625 0.058823529411764705 0.055555555555555552 0.052631578947368418 0.050000000000000003 0.047619047619047616


# name: a12
# type: matrix
# rows: 12
# columns: 12
 1 0.5 0.33333333333333331 0.25 0.20000000000000001 0.16666666666666666 0.14285714285714285 0.125 0.1111111111111111 0.10000000000000001 0.090909090909090912 0.083333333333333329
 0.5 0.33333333333333331 0.25 0.20000000000000001 0.16666666666666666 0.14285714285714285 0.125 0.1111111111111111 0.10000000000000001 0.090909090909090912 0.083333333333333329 0.076923076923076927
 0.33333333333333331 0.25 0.20000000000000001 0.16666666666666666 0.14285714285714285 0.125 0.1111111111111111 0.10000000000000001 0.090909090909090912 0.083333333333333329 0.076923076923076927 0.071428571428571425
 0.25 0.20000000000000001 0.16666666666666666 0.14285714285714285 0.125 0.1111111111111111 0.10000000000000001 0.090909090909090912 0.083333333333333329 0.076923076923076927 0.071428571428571425 0.066666666666666666
 0.20000000000000001 0.16666666666666666 0.14285714285714285 0.125 0.1111111111111111 0.10000000000000001 0.090909090909090912 0.083333333333333329 0.076923076923076927 0.071428571428571425 0.066666666666666666 0.0625
 0.16666666666666666 0.14285714285714285 0.125 0.1111111111111111 0.10000000000000001 0.090909090909090912 0.083333333333333329 0.076923076923076927 0.071428571428571425 0.066666666666666666 0.0625 0.058823529411764705
 0.14285714285714285 0.125 0.1111111111111111 0.10000000000000001 0.090909090909090912 0.083333333333333329 0.076923076923076927 0.071428571428571425 0.066666666666666666 0.0625 0.058823529411764705 0.055555555555555552
 0.125 0.1111111111111111 0.10000000000000001 0.090909090909090912 0.083333333333333329 0.076923076923076927 0.071428571428571425 0.066666666666666666 0.0625 0.058823529411764705 0.055555555555555552 0.052631578947368418
 0.1111111111111111 0.10000000000000001 0.090909090909090912 0.083333333333333329 0.076923076923076927 0.071428571428571425 0.066666666666666666 0.0625 0.058823529411764705 0.055555555555555552 0.052631578947368418 0.050000000000000003
 0.10000000000000001 0.090909090909090912 0.083333333333333329 0.076923076923076927 0.071428571428571425 0.066666666666666666 0.0625 0.058823529411764705 0.055555555555555552 0.052631578947368418 0.050000000000000003 0.047619047619047616
 0.090909090909090912 0.083333333333333329 0.076923076923076927 0.071428571428571425 0.066666666666666666 0.0625 0.058823529411764705 0.055555555555555552 0.052631578947368418 0.050000000000000003 0.047619047619047616 0.045454545454545456
 0.083333333333333329 0.076923076923076927 0.071428571428571425 0.066666666666666666 0.0625 0.058823529411764705 0.055555555555555552 0.052631578947368418 0.050000000000000003 0.047619047619047616 0.045454545454545456 0.043478260869565216


# name: a13
# type: matrix
# rows: 13
# columns: 13
 1 0.5 0.33333333333333331 0.25 0.20000000000000001 0.16666666666666666 0.14285714285714285 0.125 0.1111111111111111 0.10000000000000001 0.090909090909090912 0.083333333333333329 0.076923076923076927
 0.5 0.33333333333333331 0.25 0.20000000000000001 0.16666666666666666 0.14285714285714285 0.125 0.1111111111111111 0.10000000000000001 0.090909090909090912 0.083333333333333329 0.076923076923076927 0.071428571428571425
 0.33333333333333331 0.25 0.20000000000000001 0.16666666666666666 0.14285714285714285 0.125 0.1111111111111111 0.10000000000000001 0.090909090909090912 0.083333333333333329 0.076923076923076927 0.071428571428571425 0.066666666666666666
 0.25 0.20000000000000001 0.16666666666666666 0.14285714285714285 0.125 0.1111111111111111 0.10000000000000001 0.090909090909090912 0.083333333333333329 0.076923076923076927 0.071428571428571425 0.066666666666666666 0.0625
 0.20000000000000001 0.16666666666666666 0.14285714285714285 0.125 0.1111111111111111 0.10000000000000001 0.090909090909090912 0.083333333333333329 0.076923076923076927 0.071428571428571425 0.066666666666666666 0.0625 0.058823529411764705
 0.16666666666666666 0.14285714285714285 0.125 0.1111111111111111 0.10000000000000001 0.090909090909090912 0.083333333333333329 0.076923076923076927 0.071428571428571425 0.066666666666666666 0.0625 0.058823529411764705 0.055555555555555552
 0.14285714285714285 0.125 0.1111111111111111 0.10000000000000001 0.090909090909090912 0.083333333333333329 0.076923076923076927 0.071428571428571425 0.066666666666666666 0.0625 0.058823529411764705 0.055555555555555552 0.052631578947368418
 0.125 0.1111111111111111 0.10000000000000001 0.090909090909090912 0.083333333333333329 0.076923076923076927 0.071428571428571425 0.066666666666666666 0.0625 0.058823529411764705 0.055555555555555552 0.052631578947368418 0.050000000000000003
 0.1111111111111111 0.10000000000000001 0.090909090909090912 0.083333333333333329 0.076923076923076927 0.071428571428571425 0.066666666666666666 0.0625 0.058823529411764705 0.055555555555555552 0.052631578947368418 0.050000000000000003 0.047619047619047616
 0.10000000000000001 0.090909090909090912 0.083333333333333329 0.076923076923076927 0.071428571428571425 0.066666666666666666 0.0625 0.058823529411764705 0.055555555555555552 0.052631578947368418 0.050000000000000003 0.047619047619047616 0.045454545454545456
 0.090909090909090912 0.083333333333333329 0.076923076923076927 0.071428571428571425 0.066666666666666666 0.0625 0.058823529411764705 0.055555555555555552 0.052631578947368418 0.050000000000000003 0.047619047619047616 0.045454545454545456 0.043478260869565216
 0.083333333333333329 0.076923076923076927 0.071428571428571425 0.066666666666666666 0.0625 0.058823529411764705 0.055555555555555552 0.052631578947368418 0.050000000000000003 0.047619047619047616 0.045454545454545456 0.043478260869565216 0.041666666666666664
 0.076923076923076927 0.071428571428571425 0.066666666666666666 0.0625 0.058823529411764705 0.055555555555555552 0.052631578947368418 0.050000000000000003 0.047619047619047616 0.045454545454545456 0.043478260869565216 0.041666666666666664 0.040000000000000001


# name: a14
# type: matrix
# rows: 14
# columns: 14
 1 0.5 0.33333333333333331 0.25 0.20000000000000001 0.16666666666666666 0.14285714285714285 0.125 0.1111111111111111 0.10000000000000001 0.090909090909090912 0.083333333333333329 0.076923076923076927 0.071428571428571425
 0.5 0.33333333333333331 0.25 0.20000000000000001 0.16666666666666666 0.14285714285714285 0.125 0.1111111111111111 0.10000000000000001 0.090909090909090912 0.083333333333333329 0.076923076923076927 0.071428571428571425 0.066666666666666666
 0.33333333333333331 0.25 0.20000000000000001 0.16666666666666666 0.14285714285714285 0.125 0.1111111111111111 0.10000000000000001 0.090909090909090912 0.083333333333333329 0.076923076923076927 0.071428571428571425 0.066666666666666666 0.0625
 0.25 0.20000000000000001 0.16666666666666666 0.14285714285714285 0.125 0.1111111111111111 0.10000000000000001 0.090909090909090912 0.083333333333333329 0.076923076923076927 0.071428571428571425 0.066666666666666666 0.0625 0.058823529411764705
 0.20000000000000001 0.16666666666666666 0.14285714285714285 0.125 0.1111111111111111 0.10000000000000001 0.090909090909090912 0.083333333333333329 0.076923076923076927 0.071428571428571425 0.066666666666666666 0.0625 0.058823529411764705 0.055555555555555552
 0.16666666666666666 0.14285714285714285 0.125 0.1111111111111111 0.10000000000000001 0.090909090909090912 0.083333333333333329 0.076923076923076927 0.071428571428571425 0.066666666666666666 0.0625 0.058823529411764705 0.055555555555555552 0.052631578947368418
 0.14285714285714285 0.125 0.1111111111111111 0.10000000000000001 0.090909090909090912 0.083333333333333329 0.076923076923076927 0.071428571428571425 0.066666666666666666 0.0625 0.058823529411764705 0.055555555555555552 0.052631578947368418 0.050000000000000003
 0.125 0.1111111111111111 0.10000000000000001 0.090909090909090912 0.083333333333333329 0.076923076923076927 0.071428571428571425 0.066666666666666666 0.0625 0.058823529411764705 0.055555555555555552 0.052631578947368418 0.050000000000000003 0.047619047619047616
 0.1111111111111111 0.10000000000000001 0.090909090909090912 0.083333333333333329 0.076923076923076927 0.071428571428571425 0.066666666666666666 0.0625 0.058823529411764705 0.055555555555555552 0.052631578947368418 0.050000000000000003 0.047619047619047616 0.045454545454545456
 0.10000000000000001 0.090909090909090912 0.083333333333333329 0.076923076923076927 0.071428571428571425 0.066666666666666666 0.0625 0.058823529411764705 0.055555555555555552 0.052631578947368418 0.050000000000000003 0.047619047619047616 0.045454545454545456 0.043478260869565216
 0.090909090909090912 0.083333333333333329 0.076923076923076927 0.071428571428571425 0.066666666666666666 0.0625 0.058823529411764705 0.055555555555555552 0.052631578947368418 0.050000000000000003 0.047619047619047616 0.045454545454545456 0.043478260869565216 0.041666666666666664
 0.083333333333333329 0.076923076923076927 0.071428571428571425 0.066666666666666666 0.0625 0.058823529411764705 0.055555555555555552 0.052631578947368418 0.050000000000000003 0.047619047619047616 0.045454545454545456 0.043478260869565216 0.041666666666666664 0.040000000000000001
 0.076923076923076927 0.071428571428571425 0.066666666666666666 0.0625 0.058823529411764705 0.055555555555555552 0.052631578947368418 0.050000000000000003 0.047619047619047616 0.045454545454545456 0.043478260869565216 0.041666666666666664 0.040000000000000001 0.038461538461538464
 0.071428571428571425 0.066666666666666666 0.0625 0.058823529411764705 0.055555555555555552 0.052631578947368418 0.050000000000000003 0.047619047619047616 0.045454545454545456 0.043478260869565216 0.041666666666666664 0.040000000000000001 0.038461538461538464 0.037037037037037035


# name: b3
# type: matrix
# rows: 3
# columns: 1
 1.8333333333333333
 1.0833333333333333
 0.78333333333333321


# name: b4
# type: matrix
# rows: 4
# columns: 1
 2.083333333333333
 1.2833333333333332
 0.94999999999999996
 0.75952380952380949


# name: b5
# type: matrix
# rows: 5
# columns: 1
 2.2833333333333332
 1.45
 1.0928571428571427
 0.88452380952380949
 0.74563492063492065


# name: b6
# type: matrix
# rows: 6
# columns: 1
 2.4499999999999997
 1.5928571428571427
 1.2178571428571427
 0.99563492063492065
 0.84563492063492063
 0.73654401154401161


# name: b7
# type: matrix
# rows: 7
# columns: 1
 2.5928571428571425
 1.7178571428571427
 1.3289682539682539
 1.0956349206349207
 0.93654401154401157
 0.81987734487734498
 0.73013375513375522


# name: b8
# type: matrix
# rows: 8
# columns: 1
 2.7178571428571425
 1.8289682539682537
 1.4289682539682538
 1.1865440115440116
 1.0198773448773448
 0.89680042180042174
 0.80156232656232651
 0.72537185037185037


# name: b9
# type: matrix
# rows: 9
# columns: 1
 2.8289682539682537
 1.9289682539682538
 1.5198773448773446
 1.2698773448773448
 1.0968004218004217
 0.96822899322899314
 0.86822899322899316
 0.78787185037185037
 0.72169537978361509


# name: b10
# type: matrix
# rows: 10
# columns: 1
 2.9289682539682538
 2.0198773448773446
 1.6032106782106781
 1.3468004218004217
 1.1682289932289931
 1.0348956598956598
 0.93072899322899316
 0.84669537978361509
 0.77725093533917067
 0.71877140317542798


# name: b11
# type: matrix
# rows: 11
# columns: 1
 3.0198773448773446
 2.1032106782106781
 1.680133755133755
 1.4182289932289931
 1.2348956598956597
 1.0973956598956598
 0.98955252264075788
 0.90225093533917067
 0.82988251428653914
 0.76877140317542803
 0.71639045079447561


# name: b12
# type: matrix
# rows: 12
# columns: 1
 3.1032106782106776
 2.1801337551337547
 1.7515623265623264
 1.48489565989566
 1.2973956598956597
 1.1562191893074245
 1.0451080781963134
 0.95488251428653903
 0.87988251428653907
 0.81639045079447548
 0.76184499624902102
 0.71441416620949538


# name: b13
# type: matrix
# rows: 13
# columns: 1
 3.1801337551337547
 2.2515623265623264
 1.818228993228993
 1.54739565989566
 1.3562191893074245
 1.2117747448629801
 1.0977396571436817
 1.004882514286539
 0.92750156190558664
 0.86184499624902089
 0.80532325711858621
 0.75608083287616201
 0.71274749954282857


# name: b14
# type: matrix
# rows: 14
# columns: 1
 3.2515623265623259
 2.3182289932289928
 1.880728993228993
 1.6062191893074247
 1.41177474486298
 1.2644063238103485
 1.1477396571436818
 1.0525015619055866
 0.97295610736013216
 0.90532325711858619
 0.84698992378525295
 0.79608083287616205
 0.751209038004367
 0.71132299811832711


